function rail_5177()
    hold on;
    iterations_0_0_20 = 501
    time_0_0_20 = 6.828522
    rhos_0_0_0_20 = [ -9.7977 -11.0464 -11.5838 -11.8921 -12.1166 -12.2911 -12.4324 -12.5500 -12.6504 -12.7376 -12.8153 -12.8855 -12.9501 -13.0103 -13.0669 -13.1206 -13.1717 -13.2208 -13.2681 -13.3137 -13.3580 -13.4010 -13.4428 -13.4836 -13.5235 -13.5625 -13.6006 -13.6380 -13.6747 -13.7107 -13.7461 -13.7808 -13.8150 -13.8486 -13.8817 -13.9142 -13.9462 -13.9778 -14.0088 -14.0394 -14.0695 -14.0991 -14.1284 -14.1571 -14.1855 -14.2134 -14.2409 -14.2679 -14.2946 -14.3209 -14.3467 -14.3722 -14.3973 -14.4220 -14.4463 -14.4702 -14.4938 -14.5170 -14.5398 -14.5623 -14.5844 -14.6061 -14.6276 -14.6486 -14.6693 -14.6897 -14.7098 -14.7295 -14.7489 -14.7680 -14.7868 -14.8052 -14.8233 -14.8412 -14.8587 -14.8759 -14.8928 -14.9095 -14.9258 -14.9419 -14.9576 -14.9731 -14.9884 -15.0033 -15.0180 -15.0324 -15.0466 -15.0605 -15.0742 -15.0876 -15.1008 -15.1138 -15.1265 -15.1389 -15.1512 -15.1632 -15.1751 -15.1867 -15.1981 -15.2093 -15.2203 -15.2311 -15.2417 -15.2521 -15.2623 -15.2724 -15.2822 -15.2919 -15.3015 -15.3109 -15.3201 -15.3291 -15.3380 -15.3468 -15.3554 -15.3638 -15.3721 -15.3803 -15.3883 -15.3963 -15.4040 -15.4117 -15.4192 -15.4266 -15.4339 -15.4411 -15.4482 -15.4552 -15.4620 -15.4688 -15.4754 -15.4820 -15.4884 -15.4948 -15.5010 -15.5072 -15.5133 -15.5193 -15.5252 -15.5310 -15.5368 -15.5424 -15.5480 -15.5535 -15.5590 -15.5643 -15.5696 -15.5748 -15.5800 -15.5851 -15.5901 -15.5951 -15.6000 -15.6048 -15.6096 -15.6143 -15.6189 -15.6235 -15.6281 -15.6326 -15.6370 -15.6414 -15.6457 -15.6500 -15.6542 -15.6584 -15.6626 -15.6667 -15.6707 -15.6747 -15.6787 -15.6826 -15.6865 -15.6904 -15.6942 -15.6979 -15.7017 -15.7054 -15.7090 -15.7126 -15.7162 -15.7198 -15.7233 -15.7268 -15.7303 -15.7337 -15.7371 -15.7405 -15.7438 -15.7471 -15.7504 -15.7537 -15.7569 -15.7602 -15.7633 -15.7665 -15.7697 -15.7728 -15.7759 -15.7789 -15.7820 -15.7850 -15.7880 -15.7910 -15.7940 -15.7970 -15.7999 -15.8028 -15.8057 -15.8086 -15.8115 -15.8143 -15.8171 -15.8200 -15.8227 -15.8255 -15.8283 -15.8311 -15.8338 -15.8365 -15.8392 -15.8419 -15.8446 -15.8473 -15.8499 -15.8526 -15.8552 -15.8578 -15.8604 -15.8630 -15.8656 -15.8682 -15.8708 -15.8733 -15.8759 -15.8784 -15.8809 -15.8834 -15.8859 -15.8884 -15.8909 -15.8934 -15.8958 -15.8983 -15.9007 -15.9032 -15.9056 -15.9080 -15.9104 -15.9128 -15.9152 -15.9176 -15.9200 -15.9224 -15.9247 -15.9271 -15.9294 -15.9318 -15.9341 -15.9364 -15.9387 -15.9411 -15.9434 -15.9457 -15.9480 -15.9502 -15.9525 -15.9548 -15.9571 -15.9593 -15.9616 -15.9638 -15.9661 -15.9683 -15.9705 -15.9727 -15.9750 -15.9772 -15.9794 -15.9816 -15.9838 -15.9860 -15.9882 -15.9903 -15.9925 -15.9947 -15.9968 -15.9990 -16.0012 -16.0033 -16.0054 -16.0076 -16.0097 -16.0118 -16.0140 -16.0161 -16.0182 -16.0203 -16.0224 -16.0245 -16.0266 -16.0287 -16.0308 -16.0329 -16.0350 -16.0370 -16.0391 -16.0412 -16.0432 -16.0453 -16.0474 -16.0494 -16.0515 -16.0535 -16.0555 -16.0576 -16.0596 -16.0616 -16.0637 -16.0657 -16.0677 -16.0697 -16.0717 -16.0737 -16.0757 -16.0777 -16.0797 -16.0817 -16.0837 -16.0857 -16.0876 -16.0896 -16.0916 -16.0936 -16.0955 -16.0975 -16.0995 -16.1014 -16.1034 -16.1053 -16.1073 -16.1092 -16.1111 -16.1131 -16.1150 -16.1169 -16.1189 -16.1208 -16.1227 -16.1246 -16.1266 -16.1285 -16.1304 -16.1323 -16.1342 -16.1361 -16.1380 -16.1399 -16.1418 -16.1437 -16.1455 -16.1474 -16.1493 -16.1512 -16.1531 -16.1549 -16.1568 -16.1587 -16.1605 -16.1624 -16.1642 -16.1661 -16.1679 -16.1698 -16.1716 -16.1735 -16.1753 -16.1772 -16.1790 -16.1808 -16.1827 -16.1845 -16.1863 -16.1881 -16.1900 -16.1918 -16.1936 -16.1954 -16.1972 -16.1990 -16.2008 -16.2026 -16.2044 -16.2062 -16.2080 -16.2098 -16.2116 -16.2134 -16.2152 -16.2170 -16.2187 -16.2205 -16.2223 -16.2241 -16.2258 -16.2276 -16.2294 -16.2311 -16.2329 -16.2346 -16.2364 -16.2381 -16.2399 -16.2416 -16.2434 -16.2451 -16.2469 -16.2486 -16.2503 -16.2521 -16.2538 -16.2555 -16.2573 -16.2590 -16.2607 -16.2624 -16.2642 -16.2659 -16.2676 -16.2693 -16.2710 -16.2727 -16.2744 -16.2761 -16.2778 -16.2795 -16.2812 -16.2829 -16.2846 -16.2863 -16.2879 -16.2896 -16.2913 -16.2930 -16.2947 -16.2963 -16.2980 -16.2997 -16.3013 -16.3030 -16.3047 -16.3063 -16.3080 -16.3096 -16.3113 -16.3129 -16.3146 -16.3162 -16.3179 -16.3195 -16.3211 -16.3228 -16.3244 -16.3260 -16.3277 -16.3293 -16.3309 -16.3325 -16.3342 -16.3358 -16.3374 -16.3390 -16.3406 -16.3422 -16.3438 -16.3454 -16.3470 -16.3486 -16.3502 -16.3518 -16.3534 -16.3550 -16.3566 -16.3582 -16.3598 -16.3613 -16.3629 -16.3645 -16.3661 -16.3676 -16.3692 -16.3708 -16.3723 -16.3739 -16.3754 -16.3770 -16.3786 -16.3801 -16.3817 -16.3832 ];
