function aft01()
    hold on;

    iterations_0_0_20 = 501
    time_0_0_20 = 12.704230
    rhos_0_0_0_20 = [ 34.5388 0.3947 -0.4723 -0.8557 -0.9173 -0.3739 -0.3961 -0.6405 -1.8865 -1.2494 -1.2298 -1.9786 -2.0924 -1.2941 -1.3057 -1.8293 -2.2248 -1.8435 -2.4084 -1.8837 -1.8654 -1.3305 -1.8904 -1.9057 -0.9579 -1.3385 -2.5624 -1.3441 -2.6363 -2.6602 -2.6829 -2.7045 -1.9580 -2.7052 -2.7233 -2.7405 -1.3551 -1.9601 -1.3536 -1.9683 -1.9760 -1.3568 -2.8052 -1.9769 -0.4656 -1.9815 -2.8175 -0.9690 -1.3607 -1.9910 -1.9846 -2.8994 -1.9931 -1.9914 -1.3615 -1.9965 -1.3630 -0.9707 -0.9709 -0.9709 -2.9391 -2.0023 -2.9536 -1.3654 -1.9987 -2.9443 -2.9770 -1.3670 -2.0085 -2.0095 -0.6886 -3.0505 -1.3692 -2.0121 -1.3691 -1.3692 -1.3699 -1.3697 -2.0183 -2.0174 -3.1010 -2.0217 -0.9736 -2.0192 -2.0121 -2.0155 -2.0129 -3.0776 -0.6891 -2.0215 -2.0250 -3.1370 -1.3716 -2.0228 -2.0218 -2.0254 -2.0208 -1.3720 -2.0212 -1.3713 -2.0222 -1.3721 -1.3714 -1.3725 -1.3723 -1.3726 -2.0258 -2.0282 -1.3725 -3.2187 -0.9753 -2.0327 -2.0327 -2.0334 -2.0322 -2.0332 -3.1954 -0.9757 -3.2625 -0.6904 -2.0370 -3.3321 -1.3763 -2.0379 -1.3764 -1.3766 -1.3752 -2.0406 -1.3759 -2.0417 -2.0397 -1.3754 -0.9762 -2.0403 -0.9760 -2.0389 -1.3743 -2.0385 -3.3174 -3.3265 -2.0404 -1.3762 -3.3430 -1.3767 -2.0411 -2.0433 -3.3255 -1.3773 -2.0397 -3.3825 -3.3899 -2.0446 -2.0430 -0.9767 -3.3915 -2.0448 -2.0407 -3.3358 -1.3773 -0.4684 -0.9766 -3.3577 -2.0436 -1.3761 -3.3484 -3.3630 -2.0427 -1.3765 -2.0424 -3.3681 -0.9767 -2.0391 -3.3377 -3.3605 -0.4685 -2.0424 -2.0414 -3.3230 -1.3769 -0.9765 -1.3772 -2.0390 -2.0422 -1.3765 -3.3667 -0.9767 -0.4685 -1.3774 -1.3772 -0.9770 -1.3777 -3.4095 -3.4307 -3.4331 -2.0473 -3.3864 -2.0466 -2.0465 -1.3765 -0.6911 -2.0467 -3.3794 -3.4257 -2.0469 -2.0470 -3.4226 -3.4253 -2.0468 -2.0450 -0.9769 -2.0476 -2.0475 -2.0479 -0.6911 -3.4550 -1.3784 -2.0440 -3.4126 -2.0476 -2.0464 -1.3787 -0.9772 -3.4715 -2.0496 -3.4644 -2.0500 -2.0501 -1.3782 -3.4880 -3.4934 -2.0509 -0.9773 -0.9776 -2.0507 -1.3792 -3.5113 -1.3794 -2.0527 -0.6914 -2.0531 -1.3794 -2.0532 -0.9777 -2.0534 -0.9778 -2.0537 -3.5404 -0.6915 -0.6915 -1.3797 -0.9779 -2.0537 -0.9779 -3.5482 -2.0538 -1.3789 -1.3796 -3.5111 -1.3797 -2.0516 -3.5401 -2.0540 -2.0530 -0.6914 -1.3797 -3.4786 -0.6915 -2.0534 -3.5269 -2.0538 -1.3797 -3.5359 -3.5566 -2.0541 -3.5163 -3.5526 -2.0539 -2.0540 -3.5501 -1.3798 -0.9776 -0.6915 -2.0532 -3.5279 -2.0535 -1.3795 -2.0530 -0.9777 -2.0534 -3.4999 -2.0532 -2.0530 -0.9774 -1.3797 -1.3796 -3.4828 -2.0531 -2.0504 -0.6914 -2.0532 -3.5138 -3.5360 -2.0531 -2.0528 -3.5306 -1.3796 -1.3790 -2.0526 -0.9777 -2.0532 -0.4688 -2.0525 -3.4968 -2.0528 -3.5035 -2.0526 -2.0508 -2.0514 -1.3794 -2.0524 -1.3784 -3.5281 -1.3795 -3.5044 -0.6915 -1.3797 -1.3797 -2.0531 -2.0527 -1.3797 -0.9778 -0.9779 -2.0538 -3.5615 -2.0544 -1.3786 -1.3796 -2.0517 -3.4816 -1.3796 -1.3792 -2.0541 -2.0513 -2.0540 -0.6915 -2.0542 -2.0530 -1.3785 -2.0534 -2.0499 -3.5438 -3.5541 -2.0540 -2.0528 -0.9778 -1.3799 -3.4974 -1.3797 -2.0514 -2.0496 -1.3796 -2.0540 -2.0532 -0.6914 -3.5475 -3.5499 -2.0538 -2.0521 -0.9779 -0.9780 -2.0519 -1.3798 -2.0536 -2.0508 -2.0538 -0.9777 -1.3797 -1.3797 -0.9777 -1.3799 -0.6913 -3.5505 -1.3799 -2.0537 -3.5373 -2.0548 -3.5052 -0.6915 -0.9780 -2.0537 -0.9777 -2.0538 -2.0497 -2.0527 -0.4689 -1.3798 -1.3799 -3.5369 -2.0544 -1.3799 -2.0541 -0.9780 -0.6915 -0.6916 -0.6916 -1.3799 -1.3804 -2.0543 -2.0551 -1.3802 -3.6090 -2.0566 -3.5994 -0.6917 -1.3805 -1.3800 -3.6096 -0.9783 -3.5956 -1.3806 -3.6091 -3.6274 -1.3807 -1.3805 -2.0573 -2.0568 -2.0552 -1.3806 -1.3807 -2.0575 -2.0563 -2.0567 -0.6917 -0.9784 -1.3808 -1.3804 -1.3809 -2.0581 -2.0555 -3.6216 -3.6454 -2.0582 -1.3802 -2.0578 -1.3806 -1.3808 -2.0578 -0.6918 -1.3805 -2.0588 -0.9782 -2.0586 -0.6916 -1.3810 -2.0586 -1.3807 -3.6562 -2.0588 -2.0575 -1.3809 -1.3810 -1.3806 -3.6590 -0.9785 -0.9783 -2.0589 -2.0589 -3.6625 -1.3812 -3.6291 -2.0592 -1.3809 -0.9786 -3.6816 -0.6919 -3.6842 -0.9786 -1.3806 -2.0590 -1.3807 -3.6686 -2.0592 -2.0585 -0.9781 -2.0590 -0.4691 -3.6775 -0.9786 -2.0595 -2.0593 -2.0566 -3.6677 -3.6803 -3.6827 -3.6836 -2.0597 -2.0590 -3.6606 -1.3813 -3.6571 ];

    iterations_0_1_0_20 = 22
    time_0_1_0_20 = 0.866846
    rhos_0_1_0_20 = [ 0.4609 -2.9387 -3.0984 -3.1668 -3.4507 -4.3784 -4.7929 -5.0489 -5.6328 -5.9587 -7.5989 -8.5832 -9.0889 -9.9734 -10.2621 -11.0074 -12.0395 -12.2765 -13.0366 -13.4794 -14.6009 -16.0099 -16.1342 ];

    iterations_0_1_2_20 = 5
    time_0_1_2_20 = 0.396755
    rhos_0_1_2_20 = [ 0.5774 -2.8095 -6.0531 -10.4774 -14.1745 -16.5336 ];

    iterations_0_1_4_20 = 2
    time_0_1_4_20 = 0.253586
    rhos_0_1_4_20 = [ 0.7252 -11.6606 -16.6247 ];
